6083,285,3,2,3,4,5,5,3,3,3
2411,132,2,5,2,5,5,3,1
8223,66,1,2,2,5,5,4,2,3,4,5,4,4,1,2,4,3,1,1,4,1,1,4,4
8171,180,1,3,5,2,3,1,3,1,4,4,2,4,1,1,4,5
5210,3,1,1,1,4,3,1,3,3,4,3,1,1,4,3,5,2,5,4
3611,10,2,3,5,5,4,3
7691,86,3,4,1,3,2,1,4,2,2,1,1,3,1,3,2,5,4,3,4
2920,116,2,2,4,3
9609,84,4,4,1,5,1,3,1,4,1
7127,167,2,2,1,4,4,4,1,2,5,4,2,3,2
4403,267,3,3,4,3,4,5,1,4,2,1,2,4,3,1,5,1,2,5,2,2,5,4,2,5,2,4
565,218,5,1,1,4,2,2,2,5,2,5,1
1112,168,4,5,5,5,4,4,3,5,1,1,2,2,4,4,1
8102,32,2,1,4,3,5,1,1,1,3,5,3,3,1,2
1243,200,4,1,5,5,1,3,4,3,5,3,4,1,1,5,4,4,1,1,3,1,5,5,2,2,5,3,2,3,1,1,1,4,5,1,1,2,3,4,5,5
1188,247,5,2,1,3,3,5,2,1,3,1,1,1,4,2,1,1,5
3131,297,4,3,4,4,2,4,3,3,1
2368,134,5,3,1,3,1,2,4,1,3,4,2,1,4,2,2,3,3,2,3,4,5,3
71,233,4,5,2,1,4,3,1,1,4,5,3,4,1,2,3,2,4,5,5,3,4,4,3,2,2,1,2,3,4,5,1,3,3,5,4,3,5
8165,285,4,2,4,2,2,1,1,3,4,3,4,4,5,1
