5599,257,5,5,1,4,1,3,4,2,3,4,2,1,3,5,2,2,2,1,3,3,3,2,2,1,5,2,4,5,4,5,3,1,5,4,2,4,2,3,1,1
2231,193,1,4,5,1,3,3,2,3,5,1,2,4,2,4,2,3,3,5,2,3,2,3,3
2505,269,4
6676,60,2,5,4,2,2,2,1,3,2,4,5,4,3,2,2,1,5,4
2630,189,1,4,5,4,4,4,4,1,4,3,2,4,3,1,3,3,5,2,5,3,4,5,1,5,5,4,2,2,3,2,2,1,4,2
9641,293,1,4,3,4,2,3,3,5,5,1,5,1,1,4,2,2,2,2,5,1,5,4,4,1,5,5,1,4,1,2,1,2,1,5,5,1,5,2
5337,262,2,4,2,1,4,4,1,5,4,3,2,1,5,2,4,1,5,4
1406,242,2,3,2,2,3,5,5,5,4,5,3,3,5,4,4,4,4,3,5,5,3,2,5,3,4,2,3,3,2,4
9996,65,3,4,1,4,5,4,1,3,4,3,4,5,1,5,5,1,3,4,3,5,5,2,1,5,1,2,3,5,2,2,2,4,1,3
7161,192,2,4,2,2,2,4,1,4,4,3,1,2,1,1,1,1,4,4,2,3,2,5,3,4,4,4,1,4,4,3,1,3,3
2391,222,4,5,1,1,5,2,1,5,1,4,5,3,2,1
6949,94,4,2,3,5,3,4,5,2,2,1,5,3,2,4,2,1,1,2,2,3,5,2,5,3,1,5,5,2,2,1,2,4,4,2,3,2,3,5
2148,189,5,5,2,5,5,1,3,3,2,3,1,4,1,5,4,4,1,2,5,1,4,4,3,4
7979,28,1,5,4,3,3,5,1,1,1,5,5,3,3,2,1,4,5,2,1,3,1,3
2390,104,4,2,2,5,3,5,1,3,3,1
2368,193,2,3,3,5,3,5,5,4,2,3,4,2,1,3,1,4,3,3,3,2,5,1,5,4,3,3,2,5,5,4,1,4,2,5
4030,189,4,5,5,1
4203,71,1,2,4,3,2,3,3,1,1,1,5,3,5,5,3,1,3,1,1,5
3360,153,4,2,1,5,2,1,1,4,2,2,3
2650,235,2,3,5,2,4,3,5,2,5,4,5,5,2,4,1,5,5,2,5,5,2,5,1,5,1,5,2,3,5,1,1,2,3,5,5,4,2
