2611,15183,236,582,288,862,510,422,685,31,975,346,929,637
586,3146,583,26,178,772,913,872,12,552,860,546,152,163,647,878,728,620,626
2233,2152,589,912,583,639,701,552,335,231,263,348,939,138,239,146,802,66,491,516,302,622,899,548,650,512,796,519,668
6782,2223,319,149,515,433,964,219,321,852,962,124,297,6,43
3648,28976,225,282,342,987,937,347,214,629,966,544,485,317,273,26,271
5992,8076,302,184,797,227,148,227,665,250,243,337,441,923,306,570,63,228,3,564,499,864,731,501,620,429,546,39,129,166,340,957,101,307,895,613,91,294,246
9814,2751,956,196,525,67,445,770,396,391,130,704,422,67,43,437,522,709,859,862,436,612,742,559,189
5662,30935,165,652,110,357,168,605,414,80,463,792,569,368,465,245,803,198,682,222,854,428,354,218,495,369,96,698,197,147,425,273,90,180,884
3510,30597,720,195,479,893,504,850,613,836,438,477,149,783,565,191,228,796,883,699,343,17,399,826,929,472,208,617,21,253,959,25,180,93,621,200,832,178,671,289,90,973
1223,32409,67,137,904,341,578,110,880,179,437,409,227,665,79,634,479,877,645,342,432,897,143,183,110,577,656,69,61,944,835,404,68,352,65,541
3800,24656,962,705,899,670,500,732,335,535,655,283,275,307,833,611,869,508
324,24183,382,344
9391,6110,374,578,368,201,234,270,183,814,527,798,751,628,594,7,905
5456,3665,111,136,545,488,343
9788,5172,115,893,690,52,846,777,735,770,841,541,447,476,872,4,589,535,334,862,154,547,80,852,148,869,240,364
5056,597,449,630,880,179,60,611,800,535,88,296,644,37,18,492,297,451,384
9204,10861,869,725
1532,6680,772,884,800,398,725,604,169,368,501,102
2932,1339,328,112,821,792,113,570,283,458,589,242
6214,13117,377,480,162,102,668
4526,11680,117,822,674,90,928,987,122,388
965,22067,518,506,384,423,607,642,318,279,576,604,921,985,714,636,8,329,37,938,904,308,795,568,93,499,468,6,922,908,451,347,950,538,8,149,207,14,240,875,283
3778,16670,772,901,747,66,564,706,845,988,122,942,683,953,539,336,592,635,277,435,985,123,927,964,576,673,53,388,570,709,747,884,315,711,672,386,329,637,741,14,950,971
178,2765,656,200,98,384,710,179,744,367,386,506
8061,4323,864,993,911,242,150,259,675,89,410,560,362,131,234,588,376,543,130,698,470,949,450
2827,21008,316,498,726,17,468,458,134,482,681
7717,8974,339,674,643,998,269,704,431,293,916,773,212,328,233,878,121,687,612,602,40,914,865,594,332,16,8,518,837,784,263,170,734,241,338
4833,24553,318,25,801,147,531,991,144,221,113,484,138,151,876,729,673,122,794,86,979,39,955,665,273,535,467,581,617,963,277
9998,31401,192,427,254,141,998,980,693,320,834,750,17,669,842,12,509,704
5192,2326,22,16,442,610,351,332,368,6,359,226,497,419,221,473,743,720,539,110,484,212,759,21,67,6,225
9155,15751,774,478,591,800,860,605,866,152,584,227,690,989,588,593,201,742,781,73,964,414,796,66,861,419,643,18,524,801
2019,30458,478,482,289,124,335,731
9800,10474,89,311,563,102,932,267,418,449,736,161,10
417,4928,249,564,43,960,136,314,522,165,326,571,950,288,558,93,769,553,188,547,459,697,235,865,21,703,595,83,341,929,33,909,794,584,560,797,841
847,8544,295,886,786,19,568,562,357,180,391,175,214,168,22,593,579,14,912,70,492,91,54,592,274,615,207
2320,16282,347,185,993,918,706,285,435,999,160,224,146,611,437,551,911,922,378,694,698,733,941,640,950,147,905,623,508,357,520,633,67,316
1860,29147,145,339,339,231,821,360,410,244,154,98,62,854,42,327,953,856,654,404,860,584,130,823,285,368,591,484,804,648,297,791,801
4058,8560,200,984,558,767,975,131,25,919,199,699,822,940,649,246,394,877,819,554,144,544,635,413,525,973,908,224,151,335,263,364,650,294,891,510
948,13187,751,120,101,160,343,855,26,783,987,783,359,12,100,965,540,217,435,279,977,696,34,958,109,294,140,591,617,613,167,746,744,308,673,856,890,249,65,638,129,146
8567,8128,40,7,665,250,366,618,262,305,25,558,558
1663,21640,3,321,669,933,573,499,980
1791,9464,179,385,962,297,323,411
649,15008,370,916,619,442,75,256,724,462,892,463,959,2,885,988,823
9024,21075,989,375,316,238,867,302,904,218,546,154,510,52,753,952,598,686,327,62,381,566,284,680,677,945,603,126,199,332,890,185,734,51,797,774
725,5118,145,301,864,163,502,489,625,459,75,106,847,326,634,968,177,687,526,560,644,76,412,868,337,412
8441,28293,708,712,453,229,292,877,264
8406,22955,874,569,366,586,926,799,1000
3805,13589,526,721,806,800,921,796,420,221,395,799,296,541,779,982,65
8456,4172,562,146,33,558,891,243,892,586,866
7541,29079,179,386,209,393,453,718,116,165,8,647,200,816,996,423,32,704
6964,22627,806,274,159,309,115,155,686,107,125,47,749,108
146,4195,568,77,88,300,675,735,479,799,307,560,316,884,763,485,506,459
6075,12135,545,465,886,211,388,668,587,364,242,62,829,155,771,483,718,372
9815,13515,841,5,852,118,576,388,702,422,230,731,251
5212,29609,239,85,834,588,886,836,561,591,339,278,813,737,25,363,747,700,792,857,566,880,787,290,408,999,151,706,792,299,894,776,855,716
9259,10101,438,123,71,159,890,771,327,192,676,83,5,500,486,62,424,55,419,183,750,989,613,80,250,807
4513,23667,744,533,28,134,309,610,697
5989,27668,534,552,525,547,433,275,159,640,585,457,331,363,537,807,806,959,263,758,891,19,444,127,448,91,732,302,818,920,745,876,195,191,699,784,739,526,203
9636,8678,592,291,419,441,393,416,660,363,908,957,517,290,143,623,614,175,429,309,366,705
3119,15987,311,147,648,922,5,409,662,84,377,516,983,502,61,951,703,358,218,265
4155,13599,418,608,970,327,535,792,370,211,335,228,33,391,726,791,858,360,418,10,735,655,61,149,156,847,531,436
2748,12092,461,136,42,428,721,252,996,505,346,636,439,517,372,976,990,788,350,492,647,488,451,131,85,899,196,421,640,36
294,3256,711,343,553,635,758,243,277,159,764,120,670,70,380,966,151,196,885,253,231,138,689,120,594,133,974,20,266,726,28,747,477,802,976,300
7907,25592,630,172,158,8,293,136,766,429
6191,10227,376,987,876,321,286,26,523,22,429,542,586,378,417,596,464,702,536,181,668,571,98,977,841,171,365,295,160,872,216,82,343,621,823
7689,1760,590,816,631,112,681,474,205,317,468,668,855,868,86,625,125,323,804,252,269,204,771
9264,14350,253,333,864,480,288,341,329,796,571,315,404,828,651
8108,29551,565,234,99,222,292,993,236,772,917,601,983,867,361,707,664,916,332,185,320,67,804,754,145,839,315,218,412,424,224,766
4708,32510,903,650,979,88,205,432,276,86,805,823,831,777,870,270,852,900,720,362,628,443,278,955,919,263,166,999,525
1903,2027,913,871,530
6027,24047,204,609,412,79,59,173,600,393,134,388,39,294,730,411,316,476,754,198,530,207,135,356,283,723,1,331,140
1772,7450,245,877,958,288,205,480,656
814,8730,284,554,132,666,574,205,115,680,46,778,690,827,276,451,987,639,124,55
6346,28421,540,187,422,693,988,126,297,375,501,640,787,199,926,539,824,325,791,306,104,737,760,861,691,918,796,755,912,897,511,467,7,212,965,932,662,654,85
2121,5862,271,848,766,944,898,812
9926,7928,535
8507,21994,725,182,492,984,773,646,432,553,744,75,298,427,928,516,652,956,87,434,261,671,805,417
7485,5910,25,962,788,284,102,757,663,177,341,607,150,55,449,96,199,163,236,542,949,919,337,212,368
5066,12920,341,712,333,282,168,692
2425,11981,632,918,679,352,793,328,278,974,987,896,586,624,85,836,409,939,18,749,193,785,929,738,510,769,367,610,196,121,787,82,714,114,954,968,488,819,133,887,626
6016,3448,317,933,852,569,466,509,935,112,169,296,898,986,368,220,867,544,115,146,492,969,870,245,228,214,425,999,741,418,715
190,1645,498,460,721,252,226,924,447,290,276,755,827,537,65,269,676,239,528,43,439,634,340,329,565,118,753,61,73,136,712,413
3660,23852,167,236,52,304,687,394,882,908,645,932,937,860,805,323,230,178,235
188,32013,294,69,417,761,100,569,451,498,910,484,455,1,710,85,795,493,614,985,458,246,139,877,848,951,258,702,94,834,842,508,865,912,378,284,814,992,836
5049,14653,74,629,494,858,671,941,887,993
4026,16370,965,343,310,55,874,374,775,143,287,680,205,15,646,599,746,751
6757,20783,811,243,224,663,307,6,332,690,857,107,626,855,421,62,520,327,998,110,441,100,121
5726,30354,111
5588,28422,938,494,440,681,432,626,385,794,924,770,133,438,121,852,366
6928,19710,630,704,164,11,57,535,348,875,651,406,745,657,450,467,56,508,228,250,266,878
5598,21963,41,440,735,679,579,423,361,963,837,98
5235,15970,904,70,575,481,519,14,860,711,903,566,289,234,89,118,15,846,376,716,221,656,87,583,186,817
5711,7100,561,203,99,937,22,669,763,828,292,627,568,522,279,445,592,789,567,920,718,968,251,120,850,181,786,530,733,652,269,853,192,788,529,225,53,655
6353,30108,633,222,429,123,681,2,884,82,747,732,312,235,837
9002,29757,505,853,223,849,667,744,611,139,891,789,837,934,893,275,571,4,951,972,776,257,642,159,107,98,789,208,785,299,918,595,838,522,979
7480,9537,248,458,148,418,681,716,638,136,506,914,643,592,318,505,513,689,61,671,10,841,577,964,556,992,395,478,292,699,49,79,76,858,227,34
1028,3787,943,924,729,704,754,42,185,933,267,114,659,250,97,569
1512,28576,1000,609,267,221,573,406,972,975
5928,13484,505,925,729,577,893,152,467,117,467,478,999
8802,29805,87,336,174,73,629,194,219,653,430,959,49,200,41,971,976,335,84,682,542,204,721,955,711,9,621,194,596,514,618,375,375,274,109,873
4584,26510,30,78,284,414,247,593,469,374,8,395,189,838,958,690,647,197,28,636,271,375,503,326,715,458,121,274,721,845,227,120,17,382,862,936
5739,10284,358,525,468,777,263,534,383,232,436,518,251,540,861,483,897,500,16,731,231,491,346,39,327,655,660,57,433
1186,4800,564,779,792,518,218,248,941,555,125,936,373,162,508,971,674,579,803,761,899,521,554,671,927,876,572,300,964,938,346,461,939,511,729,406,446,683,658
8045,31355,225,158,805,2,728,768,314,658,693,677,382,357,801,883,915,41,346,892,733,971,147,429,868,467,58,862,281,329,579,770,446,462,987,801,835
968,26471,582,45,615,601,514,520,21,17,924,269,562,45,82,781,459,792,900,16,591,289,432
3677,11010,809,589,468,658,583,79,650,384,69,926,65,165,447,905,791,767,130,528,653,729,528,231,970,605,988,495,281,648,908,893,712,272,821,639,170,641,202,652,32
3856,5849,523,657,580,416,749,797,502,643,193,798,698,337
7966,1736,630,598,18,124,923,276,687,426,668,351,550,92,558,664,514,46,831,150,485,345,38,209,509,727,669,280,460,926,587,877,169,563,847,463,369,369
7025,1586,594,429,641,233,220,707,4,42,304,168,88,640,655,298,474,806,54,822,456,277,653,86,114,783,74,266
4019,3477,221,751
2851,29834,962,498,267,325,267,368,549,998,466
6526,539,751,95,755,479,715,464,494,177,229,575,224,165,990,177,512,169,543,846,213,96,913,200,785,715,573,165,190,913
5182,27325,101,546,217,357,479,264,820,169,589,839,123,550,522,268,403,259,88,319,768,721,147,542,84,197,190,337,841,195,738,919,921,893,259,962,588,181,590,759
6880,17034,465,665,683,705,93,609,34,481,136,694,206,753,648,782,639,909,577,540,555,456,26,996,694,217,703,56,802,972,608,146,624,20,849,250,744,312,163,595,398,92
5993,1811,538,713,742,584,576,140,910,287,211,797,766,431,524,537,972,589,18,130,315,116,217,944,894,109,337,388,280,782,282,830,769,254,358,664,836,680,671,938
662,10334,671,945,624,814,64,730,398,743,631,591,706,245
4581,7927,700,434,937,795,650,443,630,832,462,413,519,214,755,19,701,745,194,2,363,739,726,252,616,412,164,631,604,386,554,645,335,980,783
7958,10644,180,33,920,652,793,856,136,651,931,728,99,88
2357,17885,805,749,365,263,303,384,96,875,557,672,473,379,128,132,810,855,642,329,47,718,898,456,34,615,558,384,7,424,802
56,8077,568,377,36,734,1000,275,211,44,723,669,157,210,162,218,476,28,893,168,999,841,313,18,273,540,448,841,401,4,791,91,563,784,876,956,959,599,991,101,144
4867,5335,272,293,581,674,330,692,676,545,304,609,593,207,46,79,169,38,982,974,912,174,94,186,289,374,199,928,787,519,975,396,542,545,226,593,671
9348,18363,568,388,138,78,531,679,345,287,816,95,495,367,117,735,81,787,934
1117,1061,389,952,769
7243,26458,491,585,744,773,418,409,552,634,813,808,639,19,307,342,517,605,442,327,845,109,404,604,883,763,903,414,357,912,572,338,875,87
2940,16675,856,412,29,789,298,705,326,988,506
2538,11586,543,465
1793,31126,159,77,617,768,655,162,737,912,882,44,678,358,914,137,674,725,651,812,310,245,790,201,907,812
1988,24288,893,498,844,984,192,659,461,488,674,227,790,908,87,873,400,371,813,480,857,506,187,669,112,556,810,108,665,747
7195,31842,926,952,615,297,163,750,894,670,255,395,845,820,196,37,475,350,778,637,941,516,810,978,451,863,838,945,299
8117,30294,845,913,254
8183,26558,634,585,610,198,319,155,564,274,26,291,295,725,596,325,1,34,481,995,966,890,413,378,603,792,184,415,453,284
6634,26076,814,956,441,229,662,255,184,272,681,541
3692,2304,233,221,125,834,976,829,628,369,409,918,557,206,373,639,450,469,433,873,607,727,945,527,161,334,512,564,224,1,910,460,940
3200,15842,679,310,6,768,71,132,593,380,831,18,132,873,22,180,76,821,664,767,979,442,260,533,945,686,206,2,628,304,294,311,186,591,97,356,844,493,605,59
5964,15910,210,932,896,728,553,95,797,36,197,687,482,600,541,51,719,137,651,144,75,226,661,983,704,641,373,482,147,832,221,175,575,815,39,501,409
3308,8184,898,787,787,728,336,468,148,502,142,233,190,233,709,656,22
2306,5326,497,471,34,959,739,381,268,261,193,129,814,150,516,94,835,582,39
4691,21780,107,305,747,846,593,160,534,488,944,591,460,863,599,387,387,250,925,623,571,963,399,357,670,138,138,292,560,379,962,547,859
8986,26411,870,857,573,749,111,306,564,795,310,997,521,832,364,113,371,710,397,987,891,220,466,572,254,601,409,507,764,990,80,607,241,25,928,280,810,311,623
9370,19678,545,170,909,123,592,708,629,786,129,532,331,76,616,397,296,148,191,358,693,629,59,571,912,766,344,428
4951,18023,621,506,515,164,341,76,447,84,875,530,170,767,558,424,541,2,235,584,933,561,693,964,239,427,367,694,811,158,750,134,796,973,365,700,335,479,304,142
5786,5170,100,591,87,161,378,488
2159,3128,133,487,566,298,852,209,43,868,209,651,452,333,231,123,359,567,397,347,146,426,756,337,437,409,416,178,269,832,349,729,458,473,564,714,634,151,294,892
8138,10095,718,415,549,431,833,268,844,686,166,91,522,158,74,592,954,654
1874,1439,275,933,170,10,145,65,154,947,410,892,772,24,991,263,280,446,829,997,434,851,129,651,659,988,352,723,839,582,952,583,336,468,979,332,17,201
8908,17277,918,75,17,232,398,438,503,822,655,417,137,187,332
3591,7759,121,337,478,867,495,903,97,79,217,196,142,397,430,695,156,730,959,415,540,620,555,902,733,648,850,906
2069,18701,320,788,585,257,905,923,274,11,202,781,359,603,687,580,232,200,544,800,691,8,350,428,529,376,399,793,664,669,336,599,74,307,123,889,910,164,338,104,413
6722,1571,264,18,699,486,353,904,375,608,215,735,57,809,533,93,120,68,677,489,236,673,409,585,193,318,170,882,474
2549,14999,439,188,19,357,809,162,343,55,917,429,950,781,272,204,658,362,130,485,487,190,158,154,498
657,13065,278,954,641,976,464,487,272,303,606,717,81,842,468,979,234,653,911,826,218,364
7887,2606,820,334,388,678,739
2323,18980,954,584,893,496,633,856,787,782,140,146,235,602,381,207,428,101,219,716,749,376,969,371,27,920,857,218,202,930,51,177,751,697,800,202,483,646
9404,12964,168,988,360,13,484,172,24,740,398,372
2936,32044,92
9264,14320,229,507,722
9874,12773,397,33,255,610,940,29,656,4,669,271,286,727,123,401,926,63,137,415,210,640,273,582,500,340,660,831,807,401,306,621,688,681,892,356,302,890,56,834,558,231
3106,20916,166,447,742,587,684,197,845,532,382,617,246,425,1,704,292,848,932,515
9902,5146,525,65,933,416,286,511,981,647,343,562,193,591,527,462,563,999,614,795,58,215,328,658,491,86,700,153,614,964
6814,9949,194,400,200
7702,31221,68,397,795,350,935,866,281,484,767,351,265,973,7,213,915
1954,27269,595,839,31,683,193,175,574,496,769,277,443
2787,17781,768,207,131,152,928,813,651,334,889,214,256,441,329,804,91,274,757,184,512
5718,17435,684,267,709,867,50,35,647,309,615,842,132,969,95,391,117
2879,1658,85,809,429,308,90,648,181,445,20,3,965,150,109,289,563,495,448,782,102,908,775,509,890,852,472,478,111,289,488
5276,6410,403
7689,32718,954,639,994,623,182,275,139,769,276,1,24,708,122,57,435,478,961,702,452,584,123,915,516,959,966,316,218,465,146,687,690,594,760,451,635,616
4032,25940,964,700,135,393,650,777,434,83,218,517,215,741,984,445,394,164,328,50,705,681,255,643,692,770
7221,11422,807,968,549,770,869,758,965,755,528,873,253,819,452,488,92,921,725,730,56,722,56,286,714,448,938,185,477,867
5304,25247,320,581,30,522,842,266,297,598,310,652,896,183,44,472,463,278,307,740,239,129,635,945,231,502,497,163,528,793,742,123,591,602
6559,1281,162,831,992,75,1000,720,356,744,455,635,517,977,538,101,490,198,563,30,565,756
8812,14671,523,758,308,612,61,218,638,708,392,31,481,469,477,746,519,994,177,212,50,413,444
4879,21281,33,811,266,798,805,349,434,704
7261,8452,452,840,649,320,596,539,942,233,643,7,517,789,53,923
1672,13159,705,250,994,492,134,356,95
2674,30810,250,229,561,518,891,986,641,647,870,86,253,505,454,64,520,936,617,853,750,487,814,435,416,134,877,776,631,700,966,147,11
8620,15014,299,1000,531,614,832,67,840,180,333,888
7110,30672,500,476,314,394,949,947,521,353,492,736,90,690,603,22,639,887,993,521,697,458,204,111,648,900,942,862
1549,20173,344,764,755,345,309,884,558,784,7,145
2293,22947,996,679,850,567,32,191,1,704,376,958,881,261,616,151,175,113,962,867,920,389
8788,6530,444,683,219,25,91,211,448,681,80,724,472,17,833,821,931,901,233,873,294,344,544,262,79,847,848,505,296,722,119,127
3300,16661,823
7496,15857,71,758,903,540,268,443,703,981,414,3,966,253,555,164,392,981,546,229,909,332,667,348,575,542,957,830,186,205,320
740,2152,525,366,615,161,755,938,997
4203,21635,876,915,549,534,618,454,876,801,258,444,304,966,999,363,635,871,209,439,255,823,862,433,589
882,19183,377,571,314,41,564,558,950,451,353,573,637,610,877,115,357,536,177,136,3,445,529,175,8,423,538,792,757,202,496,171,944,499,157,927,791,681,553
7380,898,830,721,322,953,155,74,152,112,108,576,387,581,384,327,632,438,683,249,42,698,460,944,145,616,489,325,124,194,442,49,304,330,372,154,337,452,231
7688,22239,754,743,974,490,766,495,1,611,32,355,660,817,610,240,467,462,292,127,264,380,487
8495,6740,739,551,137,2,378,754,191,702,372
6613,6829,84,431,746,382,227,542,44,456,827,145,609,284,622,123,955,736,857,50,604,611,291,561,131,195,314,419,989,675
4530,13281,451,570,311,299,432,810,442,418,134,437,867,601,339,368,146
2453,31430,717,685,399,452,104,822,248,977,618,121,212,400,277,21,352,833,894,341,592,623,726,29,67,218,736,651,193,712,228,713,116,231,523,202,325,479,300,971
518,15608,964,538,251,472,607,490,463,61,656,166,337,267,613,400,161
377,12199,975,673,387,771,421,445,28,269,458
2593,8309,1000,753,70
5417,20725,340
3805,14993,131,539,223,978,236,971,474,823,264,136,773,288,989,628,374,275,907,656,846,258
1378,32497,825,398,315,546,697,421,150,884,35,903,942,387,200,679,783,348,761
152,26211,315,151,359,572,693,990,453,164,245,979,556
1935,25112,470,190,279,377,712,635,202,908,79,532,320,57,761,657,357,519,592,207,800,224,490,477,499,606,172,762,172,662
8485,27577,529,893,428,949,688,591,817,904,793,38,658,457,968,763,720,467,135,512,307
7352,23760,771,612,418,406,594,608,891,993,592,21,453,833,943,89,628,860,32,623,78,916,133,930,268,108,609,674,409,353,333,179,704,765,581,305,803,522,674,929,337
1345,22589,143,313,12,821
821,26027,957,460,120,925,868,142,277
3843,30844,794,367,848,240,677
5970,11019,504,620,710,393,540,104,17,528
6748,11741,437,405,558,91,971,371,298,599,262,141,625,263,772,131,784
8639,10457,645,119,922,809,646,33
9487,24010,564,943,765,559,824,971,769,989,865,122,932,117,187,323,804,905,803,302,900,95,268
1304,5910,384,841,740,34,480,397,692,464,781,901,578,757,551,765,699,460,702,762,915
5968,18612,762,314,458,602,486
1514,3342,123,709,516,468
7663,27681,785,422,98,604,18,755,951,318,442,210,419,684
7672,13915,245,942,744,237,339,993,817,468,395,146,920,811,621,147,257,477,765,199,562,337,88,85,576,579,691,954,711,298,705,243,636,578
12,17827,970,213,738,131,945,383,712,718,197,457,96,938,20,450,151,466,86,875,534,706,683
4207,26279,977,550,821,318,904,258,815,881,794,897,438,214,845,917,581,702,971,601,240,511,204,725,712,645
8027,28002,816,133,890,966,24,552,427
8006,18359,354,936,829,203,631,405,625,840,942,345,983,685,516,846,301,469,388,211,539,651,193,581,426,635,836,186,828,567,55,210,301,204,363,678,848,143
4054,28239,434,907,925,369,412,788,584,414,855,440,999,285,123,372,547,297,723,932,913,606,319,348,901,346,794,572,674,770
8665,19773,680,963,225,425,596,366,887,838,33
1689,3538,178,417,222,94,572,303,963,147,941,478,336,833,133
8239,24141,660,468,508,103,4,596,819,812,561,748,102,793,422,991,375,972,978,748,981,697
1574,16867,985,577,542,868,45,894,133,890,539,669,822,186,376,857,331,112,775,855,511,145,345,86,980,9,749,69,86,778,162,415,336,559,11,187
9448,15613,710,258
1720,7254,874,1,539,821,537,263,26,766,517,544,29,912,946,72,696,68,310,861,705,990,221,906,64,138,317,931,119,204,67
1618,14098,880,378,513,98,879,401,299,975,80,251,790,28
6316,6858,750,284,62,951,915,461,829,545,726,724,295,565
5482,21313,450,499,544,860,625,896,619,694,893,857,799,265,675,875,282,229,314,820,320,869,932,283,120,326,341,408,124,402,532,516,486,374
177,5224,345,76,733,623,974,590,252,882,779,677,508,388,35,233,909,482,121,551,808,326,903,901,566,252,701,795,837,128,485,971,943,46,615,10
3049,24211,199,856,592,265,659,455,639,926,122,577,978,779,121,977,343,798,160
6292,25819,843,148,590,973,979,588,372,807,442,706,963,862,319,134,107,923,662,861,634,133,548,312,536,156,898,54,195,755,615,636,180,803,731,562,353,518,97,64,100,177
672,31029,422,807,637,50,697,830,877,271,89,568,67,564,681,936,920,810,24,250,491,532,638,460,574,265,840,893,251,478,101,66,343,452,177,310,918,29
2018,29258,813,498,333,417,919,445,310,926,413,284,840,711,180,424,205,153,471,90,262,494,738,307,794
8010,1262,965,688,636,560,650,748,820,800,949,403,975,351,122,577,594
9954,11022,940,978,479,113,481,229,357,992,97,178,556,822,256,488,235,819,607,977,632,234,756,403,77,759,21
2725,29958,11,695,879,951,540,468,737
5641,13352,586,481,449,683,873,654,109,419,305,647,967,238,201,596,77,986,407,847,794,643,574,562,150,495,464
1228,5340,309,774,125,86,147,786,908,910,904,238,625,906,151,901
5190,9650,7,911,967,883,259,780,974,997,90,101,118,348,133,397,224,928
5175,1825,499,194,800,67,682,598,693,475,308,4,577,267,179,493,914,728,240,977,149,567,268,109,782,995,660,604,725,425
339,31508,666,888,921,903,250
6535,14183,463,265,76,581,555,874,621,878,925,239,219,820,693,529,845,947,295,320,184,37,130,297,619
7890,25001,880,976,138,254,696,120,638,605,398,548,263,198,967,123,720,896,56,856,746,100,65,179,691,503,1,910,107
9050,20486,914,355,142,226,532,384,274,416,807,633,177,976,183,431,492,338,704,18,561,611,932,174,386,430,588,177,112,598,708,908,95,896,851,281
2311,4939,236,3,368,980,212,317,879,995
1627,26956,508,669,429,580,652,583,663,180,133,567,500,111,941,571,994,763,84
9504,8940,478,115,165,22,203,695,883,491,499,334,189,658,269,938,820,11,121,102,368,277,741,689,77,368,398,818,300,323,967,933
2991,20155,196,120,28,725,994,402,722,614,532,232,531,323,705,591,368,445,611,749,937,259,582,451,808,558,169,875,944,354,651,215,978,192,832,2,96,297,508,26
1845,16702,894,518,278,105,452,259,78,400,599,904,344,543,391,249,486,89,129,58,839,743,393,351,227
797,28783,945,430,140,542,352,622,622,929,709,67,886,116,598,162,557,290,852,892,825,562,670,610,782,465,747,881,867,78
3912,1856,807,124,743,519,34,415,186,409,750,698,774,226,211,467,4,504,39,911,740,911,531,646,243,97
8681,20029,436,343,487,27,708,336,97,688
4722,31171,611,558,492,595,435,810,872,502,132,166
2617,12927,971,620,373,69,418,447,208,405,900,547,344,810,512,937,329
9960,6992,784,64,917,803,953,282,829,339,102,234,354,563,569,198,716,581,165,879,865,781,863,487
536,1916,346,604,553,20,480,983,494,947,657,647,395,828,570,475,837,629,799,345,921,337,385,91,310,684,338,639,392,224,79,139,375,375,134,689
8409,10656,495,442,145,376,219,43,779
2565,21115,953,27,805,507,527,455,198,455,715,750,715,9,601,972,618,113,365,540,86,86
2438,1170,10,955,378,649,894,336,686,610,754
757,603,191,948,641,303,344,930,594,149,654,506,215,327,244
7108,31517,747,781,605
2751,15723,162,497,153,297,147,586,933,531,470,433,447,911,662,134,290,584,223,542,489,725,416,172,178,655,255,440,375,387,579,360,735,386,470,172,629,199,313,94,823,201
2881,1285,234,799,578,51,591,396,805,969,313,670,753,609,490,573,758,842,708
6325,20233,63,78,321,962,778,97,197,726,36,499,126
2467,7183,451,372,213,282,626,917,989,633,828,915,88,293,804,549,128,998,284,284,160,11,208,624,578,363,655,324,278,279,320,1000,899,356,497,910,299,688
9455,9774,218,623,151,631,287,154,262,839,99,596
2389,11000,106,920,342,70,85,352,53,434,693,828,554,920,157,840,121,63,95,838,224,361,521,893,192,69,161,814,464,479,13
5278,24193,134,520,88,898,638,690,842,716,487,299,960,887,30,17,767,494,680,850,279,22,299,628,427,325,24,638,436,643,752,941,11,238,421,393,262
4554,20320,245,980
5877,12021,657,412,979,980,782,230,411,414,415,732,62,648,615,183,764,619,119,419,542,123,453,173,340,121,832,537,200,981,491,696,394,888,120,527,549,857,527
505,11227,551,452,650,214,676,927,522,917,690,89,275,271,641,680,295,656,185,988,980,428,688,687,978,914,954,760,462,846,808,462,948,160,228,859,992,447,347,87
8433,23374,991,100,463,897,237,492,293,460,234,518,240,884
4357,25714,631,959,136,51,578,504,156,922,734,442,977,713,413,575,314,777,679,55,961,595,262,453,994,262,920,228,774
6262,6266,859,291,112,362,274,392,660,767,378,908,383,920,403,501,298,544,237
5784,7827,482,683,648,15,465,765,694,689
1706,21692,621,876,98,149,907,492,213
5213,7055,304,812,942,287,491,297,529,567,432,666,715,271
1374,27094,168,736,630
4360,10425,22,733,169,639,517,225,854,905,170,346,11,796,616,314,93,874,651,306,96,176,691,39,920,550,400,418,665,615,599,12,387,387
649,25580,868,16,109,176,53,286,444,80,810,944,542,806,267,167,731,680,147,323,748,933,193,864,123,651,580,265,883,59,860,673,346,403
8472,5239,954,57,858,173,241
5207,19272,784,175,902,973,775,168,747,642,566,216,3,670,118,774,86,701,650,675
1647,24292,945,962,915,669,205,215,437,440,847,371,452,677,916,248,511,669
6475,1801,987,466,4,771,426,148,235,522,110,96,766,688,441,681,129,831,479,137
6682,14325,934,892,782,275,699,772,602,250,644,738,667,885,913,921,915,232,87,451,867,145,43,134,614,108,881,331,296
8380,30065,974,740,207,19,264,660,619,146,581,470,194,561,573,858,875,450,901,790,479
7647,21491,252,5,416,779,711,488,742,484,815,322,153,658,536,488,272,286,358
5560,24755,290
1985,16759,793,232,610,493,483,374,238,920,114,467,398
4844,27037,65,310,442,649,65,637,298,130,648,131,482,319,731,99,206,405,878,353,995,243,696,725,693,906,176,77,374,711,104,298,688,238,322
1381,28337,712,780,141,962,159,386,680,269,831
2484,22877,620,922,393,634,129,311,275,383,694,640,896,337,695,346,155,22,728,267,640,426,797,561,681,327,966,387
9142,16224,493,869,911,812,664,19,734,957,65,294,198,416,321,896,586,875,261,357,914,195,326,275,459,641,747,501,362,460,758,42,882,87,829,145,804
258,28445,742,234,709,390,927,196,584,246,106,890,491,213,185,99,881,301,836,107,170,227,922,425,35,181,72,740,899,296,672,439,600,289,731,866,489,171,241,284,341,401
2302,24184,844,132,441,587,783,486,835,566,449,656,574,738,274,240,313,481,114,939,947,33,830,484,533,559,445,533,855,184
6517,6938,544,106,610,684,14,673,209,81,200,496,4,313,835,74
6102,22483,54,358,208,351,231,122,993,366,59,754,317,225,321,208
4655,7274,964,453,945,811,980,342,934,200,429,748,278,218,609,412,425,614,633,998,329,356,477,784,421,830,881,935,488,830,466,747,425,467,562,299,612,852,952,193,233
4884,14896,699,237,65,858,572,256,28,181,191,188,948,521,606,846,610
4981,30204,211,368,695,797,795,238,999,646,844,290,394,890,112,153,947,706,940
